{
  "advancedEditorSelectedIdentifier" : "ProjectBrowser",
  "openSceneRelativePaths" : [
    "Maple Tree.usda",
    "Pohon Jauh.usda",
    "Semak.usda",
    "Tiger Scene.usda",
    "AmbientController.usda"
  ],
  "recentIdentifiers" : {
    "3A438D66-B680-4711-90A6-5094CCD3C797" : [

    ],
    "BE7E2AB3-52A3-4ECC-B3FA-E540608FF299" : [

    ]
  },
  "sceneCameraHistory" : {
    "0E553C96-E5C1-4BBB-AE2A-CE89D1F18EDA" : [
      {
        "date" : 736708141.556183,
        "title" : "Untitled",
        "transform" : [
          1,
          0,
          -0,
          0,
          -0,
          0.8660253,
          -0.5000001,
          0,
          0,
          0.5000001,
          0.8660253,
          0,
          0,
          0.23557325,
          0.40802485,
          1
        ]
      }
    ],
    "3A438D66-B680-4711-90A6-5094CCD3C797" : [
      {
        "date" : 736711199.958582,
        "title" : "Untitled",
        "transform" : [
          0.64621556,
          -6.154778e-09,
          0.763155,
          0,
          0.35509118,
          0.8851564,
          -0.30068,
          0,
          -0.6755116,
          0.46529368,
          0.57200176,
          0,
          -3.1641033,
          2.179426,
          2.6792364,
          1
        ]
      },
      {
        "date" : 736707603.144177,
        "title" : "Untitled",
        "transform" : [
          0.5046245,
          -2.774625e-09,
          0.863339,
          0,
          0.4603446,
          0.84598035,
          -0.26907295,
          0,
          -0.7303678,
          0.53321415,
          0.42690223,
          0,
          -3.4210467,
          2.4975648,
          1.9995896,
          1
        ]
      },
      {
        "date" : 736707547.58944,
        "title" : "Untitled",
        "transform" : [
          0.5046245,
          -2.774625e-09,
          0.863339,
          0,
          0.4603446,
          0.84598035,
          -0.26907295,
          0,
          -0.73036784,
          0.5332142,
          0.4269023,
          0,
          -10.8845005,
          7.946362,
          6.3620243,
          1
        ]
      },
      {
        "date" : 736707544.447137,
        "title" : "Untitled",
        "transform" : [
          1,
          0,
          0,
          0,
          0,
          0.8660253,
          -0.5000001,
          0,
          0,
          0.5000001,
          0.8660253,
          0,
          0,
          7.4513803,
          12.906171,
          1
        ]
      },
      {
        "date" : 736707533.846679,
        "title" : "Untitled",
        "transform" : [
          1,
          0,
          -0,
          0,
          -0,
          0.8660253,
          -0.5000001,
          0,
          0,
          0.5000001,
          0.8660253,
          0,
          0,
          0.23557325,
          0.40802485,
          1
        ]
      }
    ],
    "9EC46910-AF28-4789-ADC5-E3DE15B6652B" : [
      {
        "date" : 736706480.584204,
        "title" : "Untitled",
        "transform" : [
          0.99449754,
          -1.874988e-05,
          0.10475962,
          0,
          0.028108586,
          0.9633789,
          -0.2666662,
          0,
          -0.10091821,
          0.26814362,
          0.9580786,
          0,
          -1.9415319,
          3.352388,
          11.317235,
          1
        ]
      },
      {
        "date" : 736706448.46652,
        "title" : "Untitled",
        "transform" : [
          0.99449754,
          -1.874988e-05,
          0.10475962,
          0,
          0.028108586,
          0.9633789,
          -0.2666662,
          0,
          -0.10091821,
          0.26814362,
          0.9580786,
          0,
          -9.866811,
          17.036743,
          57.51387,
          1
        ]
      },
      {
        "date" : 736706444.047553,
        "title" : "Untitled",
        "transform" : [
          0.99449754,
          -1.874988e-05,
          0.10475962,
          0,
          0.028108586,
          0.9633789,
          -0.2666662,
          0,
          -0.10091821,
          0.26814362,
          0.9580786,
          0,
          -0.7174638,
          1.2388246,
          4.182114,
          1
        ]
      },
      {
        "date" : 736706441.187704,
        "title" : "Untitled",
        "transform" : [
          0.99449754,
          -1.874988e-05,
          0.10475962,
          0,
          0.028108586,
          0.9633789,
          -0.2666662,
          0,
          -0.10091821,
          0.26814362,
          0.9580786,
          0,
          -64.46709,
          111.3135,
          375.78015,
          1
        ]
      },
      {
        "date" : 736706430.794706,
        "title" : "Untitled",
        "transform" : [
          0.99449754,
          -1.874988e-05,
          0.10475962,
          0,
          0.028108586,
          0.9633789,
          -0.2666662,
          0,
          -0.10091821,
          0.26814362,
          0.9580786,
          0,
          -0.37656882,
          0.65021056,
          2.1950276,
          1
        ]
      },
      {
        "date" : 736701543.982488,
        "title" : "Untitled",
        "transform" : [
          0.99941576,
          -1.875314e-05,
          0.0341768,
          0,
          0.017272623,
          0.86316794,
          -0.50462127,
          0,
          -0.029490856,
          0.5049169,
          0.86266404,
          0,
          -0.21222988,
          1.1953723,
          1.9770603,
          1
        ]
      },
      {
        "date" : 736701114.248084,
        "title" : "Untitled",
        "transform" : [
          0.99819,
          -1.8754878e-05,
          -0.060138535,
          0,
          0.02295385,
          0.9244121,
          0.38070375,
          0,
          0.055585653,
          -0.38139513,
          0.9227394,
          0,
          -0.16926622,
          0.74778473,
          2.0073984,
          1
        ]
      },
      {
        "date" : 736701103.443725,
        "title" : "Untitled",
        "transform" : [
          1,
          0,
          -0,
          0,
          -0,
          0.8660253,
          -0.5000001,
          0,
          0,
          0.5000001,
          0.8660253,
          0,
          0,
          0.23557325,
          0.40802485,
          1
        ]
      }
    ],
    "10C2895A-5CD0-4D52-9FD2-66676FE3AC01" : [
      {
        "date" : 736706325.628104,
        "title" : "Untitled",
        "transform" : [
          0.5672988,
          2.1544e-06,
          -0.8235119,
          0,
          0.0771879,
          0.9955974,
          0.053175643,
          0,
          0.81988645,
          -0.09373169,
          0.56480116,
          0,
          1.5800889,
          0.084081784,
          1.6945263,
          1
        ]
      },
      {
        "date" : 736706322.990521,
        "title" : "Untitled",
        "transform" : [
          0.47278944,
          2.183119e-06,
          -0.88117534,
          0,
          -0.72063106,
          0.57549405,
          -0.38664892,
          0,
          0.50711036,
          0.8178059,
          0.2720891,
          0,
          0.68880576,
          2.0110538,
          0.9375768,
          1
        ]
      },
      {
        "date" : 736706317.305938,
        "title" : "Untitled",
        "transform" : [
          -0.6669165,
          -1.017966e-09,
          -0.74513257,
          0,
          -0.64128745,
          0.50922173,
          0.5739719,
          0,
          0.37943769,
          0.86063546,
          -0.33960837,
          0,
          0.88265264,
          2.0478594,
          -0.49876443,
          1
        ]
      },
      {
        "date" : 736706294.041787,
        "title" : "Untitled",
        "transform" : [
          0.9970041,
          1.4786483e-10,
          0.07734867,
          0,
          0.0045857714,
          0.99824095,
          -0.05910939,
          0,
          -0.07721262,
          0.059287008,
          0.99525034,
          0,
          -1.3135842,
          2.9262288,
          9.806822,
          1
        ]
      },
      {
        "date" : 736706276.870694,
        "title" : "Untitled",
        "transform" : [
          1,
          0,
          0,
          0,
          0,
          0.8660253,
          -0.5000001,
          0,
          0,
          0.5000001,
          0.8660253,
          0,
          0,
          11.548953,
          20.003376,
          1
        ]
      },
      {
        "date" : 736706262.093644,
        "title" : "Untitled",
        "transform" : [
          1,
          0,
          -0,
          0,
          -0,
          0.8660253,
          -0.5000001,
          0,
          0,
          0.5000001,
          0.8660253,
          0,
          0,
          0.23557325,
          0.40802485,
          1
        ]
      }
    ],
    "AF09ED6F-1707-48FD-8720-65B998362C09" : [
      {
        "date" : 736701342.572664,
        "title" : "Untitled",
        "transform" : [
          0.99835575,
          4.43945e-10,
          -0.057320938,
          0,
          -0.017515888,
          0.95216775,
          -0.3050733,
          0,
          0.05457915,
          0.30557573,
          0.9506022,
          0,
          -0.2989228,
          2.6970227,
          0.75885445,
          1
        ]
      },
      {
        "date" : 736701335.151813,
        "title" : "Untitled",
        "transform" : [
          0.99999994,
          0,
          -0,
          0,
          -0,
          0.87136084,
          -0.49064285,
          0,
          0,
          0.49064285,
          0.87136084,
          0,
          0,
          4.176613,
          5.116545,
          1
        ]
      },
      {
        "date" : 736700586.480079,
        "title" : "Untitled",
        "transform" : [
          0.99999994,
          0,
          -0,
          0,
          -0,
          0.87136084,
          -0.49064285,
          0,
          0,
          0.49064285,
          0.87136084,
          0,
          0,
          4.1817594,
          5.1256857,
          1
        ]
      }
    ],
    "BE7E2AB3-52A3-4ECC-B3FA-E540608FF299" : [
      {
        "date" : 736701088.226271,
        "title" : "Untitled",
        "transform" : [
          0.97289467,
          0.00024223897,
          0.23124875,
          0,
          0.10954865,
          0.8801889,
          -0.46180794,
          0,
          -0.20365444,
          0.47462344,
          0.85630447,
          0,
          -1.3207356,
          2.8588831,
          1.8672442,
          1
        ]
      },
      {
        "date" : 736701085.865835,
        "title" : "Untitled",
        "transform" : [
          0.9955983,
          3.0142921e-09,
          -0.09372359,
          0,
          -0.054437976,
          0.81402105,
          -0.57827866,
          0,
          0.076292954,
          0.5808353,
          0.81043804,
          0,
          -0.29020405,
          2.8198662,
          1.898959,
          1
        ]
      },
      {
        "date" : 736701080.397465,
        "title" : "Untitled",
        "transform" : [
          0.99559796,
          3.014291e-09,
          -0.09372356,
          0,
          -0.05443797,
          0.81402093,
          -0.5782786,
          0,
          0.07629295,
          0.5808352,
          0.8104379,
          0,
          0.13125618,
          2.4775758,
          1.3774548,
          1
        ]
      },
      {
        "date" : 736701065.215711,
        "title" : "Untitled",
        "transform" : [
          0.9991391,
          -9.278738e-10,
          -0.04148905,
          0,
          0.04089192,
          0.16904883,
          0.98475903,
          0,
          0.007013658,
          -0.98560774,
          0.16890326,
          0,
          0.06917616,
          -2.3234239,
          1.6278546,
          1
        ]
      },
      {
        "date" : 736701040.662027,
        "title" : "Untitled",
        "transform" : [
          0.9847125,
          -1.3783769e-09,
          -0.17418782,
          0,
          0.035796445,
          0.9786562,
          0.20236321,
          0,
          0.17046997,
          -0.20550488,
          0.96369493,
          0,
          0.482306,
          0.66000265,
          2.7174935,
          1
        ]
      },
      {
        "date" : 736701033.270371,
        "title" : "Untitled",
        "transform" : [
          0.99999833,
          -3.788901e-11,
          0.0018390664,
          0,
          6.326185e-05,
          0.9994082,
          -0.03439885,
          0,
          -0.0018379778,
          0.03439887,
          0.9994065,
          0,
          -0.0118175475,
          0.22117183,
          6.4258304,
          1
        ]
      },
      {
        "date" : 736701029.533065,
        "title" : "Untitled",
        "transform" : [
          1,
          0,
          0,
          0,
          0,
          0.8660253,
          -0.5000001,
          0,
          0,
          0.5000001,
          0.8660253,
          0,
          0,
          3.2148232,
          5.568237,
          1
        ]
      },
      {
        "date" : 736700695.599505,
        "title" : "Untitled",
        "transform" : [
          1,
          0,
          -0,
          0,
          -0,
          0.8660253,
          -0.5000001,
          0,
          0,
          0.5000001,
          0.8660253,
          0,
          0,
          0.23557325,
          0.40802485,
          1
        ]
      }
    ],
    "C8C84412-54C8-498C-A0D8-C2819651735C" : [
      {
        "date" : 736706875.911427,
        "title" : "Untitled",
        "transform" : [
          1,
          0,
          0,
          0,
          0,
          0.8660253,
          -0.5000001,
          0,
          0,
          0.5000001,
          0.8660253,
          0,
          0,
          1.4242774,
          2.4669206,
          1
        ]
      },
      {
        "date" : 736706868.712661,
        "title" : "Untitled",
        "transform" : [
          1,
          0,
          -0,
          0,
          -0,
          0.8660253,
          -0.5000001,
          0,
          0,
          0.5000001,
          0.8660253,
          0,
          0,
          0.23557325,
          0.40802485,
          1
        ]
      }
    ],
    "D66134B1-3681-4A8E-AFE5-29F257229F3B" : [
      {
        "date" : 736700586.519847,
        "title" : "Untitled",
        "transform" : [
          0.99999994,
          0,
          -0,
          0,
          -0,
          0.8660255,
          -0.49999988,
          0,
          0,
          0.49999988,
          0.8660255,
          0,
          0,
          0.23597376,
          0.40891856,
          1
        ]
      }
    ],
    "E0FBB2EB-8689-49D2-90A6-08EC6CA7D721" : [
      {
        "date" : 736708341.084889,
        "title" : "Untitled",
        "transform" : [
          1,
          0,
          0,
          0,
          0,
          0.8660253,
          -0.5000001,
          0,
          0,
          0.5000001,
          0.8660253,
          0,
          0,
          0.5074639,
          0.87895316,
          1
        ]
      },
      {
        "date" : 736708309.644043,
        "title" : "Untitled",
        "transform" : [
          1,
          0,
          -0,
          0,
          -0,
          0.8660253,
          -0.5000001,
          0,
          0,
          0.5000001,
          0.8660253,
          0,
          0,
          0.23557325,
          0.40802485,
          1
        ]
      }
    ]
  },
  "selectedSceneRelativePath" : "Tiger Scene.usda"
}